20
0.00 1.04 1.35 1.21 0.70 1.49 1.05 1.60 0.57 0.58 0.51 1.04 1.54 1.58 1.03 1.16 1.34 1.40 1.52 1.07
1.04 0.00 0.90 0.88 1.27 0.70 0.89 0.54 1.22 1.17 1.31 1.39 0.67 1.08 1.01 0.74 0.89 1.30 1.11 1.36
1.35 0.90 0.00 0.99 1.40 0.83 0.93 0.82 0.85 1.64 0.72 1.41 0.87 0.93 1.45 1.45 0.45 0.19 1.35 1.42
1.21 0.88 0.99 0.00 1.09 1.16 0.42 1.03 0.60 1.28 1.28 1.54 0.62 0.33 1.21 0.41 1.03 1.11 1.07 0.37
0.70 1.27 1.40 1.09 0.00 0.77 0.61 0.87 0.72 0.61 0.82 0.30 0.95 1.24 1.54 0.90 1.65 1.19 0.67 0.64
1.49 0.70 0.83 1.16 0.77 0.00 1.11 0.20 1.46 1.12 1.22 0.52 0.76 0.83 1.30 0.89 1.26 0.79 0.36 1.07
1.05 0.89 0.93 0.42 0.61 1.11 0.00 0.78 0.56 1.25 0.83 1.23 0.32 0.71 1.51 0.51 1.06 0.98 0.96 0.53
1.60 0.54 0.82 1.03 0.87 0.20 0.78 0.00 1.58 1.08 1.17 0.77 0.32 0.78 1.27 0.78 1.19 0.77 0.38 0.92
0.57 1.22 0.85 0.60 0.72 1.46 0.56 1.58 0.00 1.07 0.87 1.24 1.30 1.00 1.45 1.07 1.00 0.93 1.61 0.88
0.58 1.17 1.64 1.28 0.61 1.12 1.25 1.08 1.07 0.00 1.09 0.56 1.38 1.29 0.83 1.16 1.77 1.27 0.94 0.73
0.51 1.31 0.72 1.28 0.82 1.22 0.83 1.17 0.87 1.09 0.00 1.07 1.04 1.34 1.31 1.28 1.05 0.67 1.21 1.00
1.04 1.39 1.41 1.54 0.30 0.52 1.23 0.77 1.24 0.56 1.07 0.00 1.18 1.20 1.07 1.10 1.49 1.06 0.37 0.92
1.54 0.67 0.87 0.62 0.95 0.76 0.32 0.32 1.30 1.38 1.04 1.18 0.00 0.69 1.26 0.55 0.86 0.96 0.59 0.70
1.58 1.08 0.93 0.33 1.24 0.83 0.71 0.78 1.00 1.29 1.34 1.20 0.69 0.00 0.84 0.35 1.01 0.78 0.59 0.40
1.03 1.01 1.45 1.21 1.54 1.30 1.51 1.27 1.45 0.83 1.31 1.07 1.26 0.84 0.00 0.77 0.80 1.38 0.86 1.10
1.16 0.74 1.45 0.41 0.90 0.89 0.51 0.78 1.07 1.16 1.28 1.10 0.55 0.35 0.77 0.00 1.18 1.47 0.50 0.42
1.34 0.89 0.45 1.03 1.65 1.26 1.06 1.19 1.00 1.77 1.05 1.49 0.86 1.01 0.80 1.18 0.00 0.82 1.33 1.59
1.40 1.30 0.19 1.11 1.19 0.79 0.98 0.77 0.93 1.27 0.67 1.06 0.96 0.78 1.38 1.47 0.82 0.00 1.07 1.08
1.52 1.11 1.35 1.07 0.67 0.36 0.96 0.38 1.61 0.94 1.21 0.37 0.59 0.59 0.86 0.50 1.33 1.07 0.00 0.59
1.07 1.36 1.42 0.37 0.64 1.07 0.53 0.92 0.88 0.73 1.00 0.92 0.70 0.40 1.10 0.42 1.59 1.08 0.59 0.00
