32
0 1677 1613 1694 1028 1246 1838 2045 1905 1067 1078 1900 1355 1565 1911 1347 1099 1892 1146 1846 1448 1075 1841 1210 1498 1177 1316 1574 2017 1947 1186 1729 
1677 0 1808 1202 1253 1164 1512 1241 1072 1758 1649 1455 1550 1142 2012 1161 1322 1815 1285 1112 1133 1184 1764 1122 1790 1286 2040 1226 1772 1384 2047 1027 
1613 1808 0 1398 1881 1488 1548 1422 1600 1983 1494 1283 1354 1826 1593 1064 1557 1288 1252 1655 1964 1065 1314 1462 1957 1211 1652 1166 1636 1840 1759 1461 
1694 1202 1398 0 1541 1332 1640 1431 2030 2024 1092 1673 1834 1483 1254 1535 1148 1394 1507 1320 1319 1414 1403 1752 1966 1876 1337 1189 1307 1591 1134 1706 
1028 1253 1881 1541 0 1115 1383 1958 1427 1999 1086 1476 1698 1809 1465 1894 1153 1912 1053 1511 1336 1778 1899 1137 1747 1062 1746 1608 1032 1491 1576 1260 
1246 1164 1488 1332 1115 0 1777 1453 1653 1939 1701 1867 1695 1057 1144 1236 1775 1575 1274 1741 1904 1765 1969 1068 1773 1135 1589 1526 2035 1953 1631 1753 
1838 1512 1548 1640 1383 1777 0 1960 1147 1324 1567 1908 1842 1517 1645 1419 2002 1070 1524 1136 1855 1735 2037 1623 1061 1736 1968 1130 1123 1587 1919 1128 
2045 1241 1422 1431 1958 1453 1960 0 1310 1497 1433 1380 1910 1612 1689 1787 1967 1646 1543 1976 1195 1440 1093 1712 1857 1124 1970 1168 1896 1363 1616 1396 
1905 1072 1600 2030 1427 1653 1147 1310 0 1921 1024 1058 1266 1859 1401 1239 1249 1162 1105 1985 1643 1425 1445 1256 1888 1647 1579 1222 1601 1181 2042 1560 
1067 1758 1983 2024 1999 1939 1324 1497 1921 0 1803 1214 1991 1954 2044 1233 1657 1154 1525 1955 1789 1829 1481 1802 1052 1585 1889 1519 1730 1366 1421 1490 
1078 1649 1494 1092 1086 1701 1567 1433 1024 1803 0 1907 1101 1359 1499 1702 1216 1798 1330 1604 1936 1814 1426 1984 1415 1152 1278 1048 1293 1835 1362 1675 
1900 1455 1283 1673 1476 1867 1908 1380 1058 1214 1907 0 1639 1974 1281 1460 2001 1042 1187 1831 1902 1479 1402 1311 1850 1893 1949 1516 1165 1446 1568 2018 
1355 1550 1354 1834 1698 1695 1842 1910 1266 1991 1101 1639 0 1547 1277 1571 2025 1432 1258 1681 1662 1727 1213 1371 1671 1937 1117 1201 1344 1699 1306 1943 
1565 1142 1826 1483 1809 1057 1517 1612 1859 1954 1359 1974 1547 0 1515 1682 1659 1719 1825 1956 1816 1761 1874 2006 1356 1352 1769 1506 1108 1989 1234 1231 
1911 2012 1593 1254 1465 1144 1645 1689 1401 2044 1499 1281 1277 1515 0 1978 1209 1282 1705 1856 1686 1475 1971 1456 1110 1797 1805 1185 1926 1083 1996 1817 
1347 1161 1064 1535 1894 1236 1419 1787 1239 1233 1702 1460 1571 1682 1978 0 1095 1418 1508 1858 1111 1882 1129 1435 1853 1704 1981 1149 1393 1885 1521 1385 
1099 1322 1557 1148 1153 1775 2002 1967 1249 1657 1216 2001 2025 1659 1209 1095 0 1140 1087 1473 2008 1950 1823 1279 1763 2043 2034 1533 1813 1615 1626 1725 
1892 1815 1288 1394 1912 1575 1070 1646 1162 1154 1798 1042 1432 1719 1282 1418 1140 0 1656 1660 1416 1658 1493 1180 1795 1755 1715 1776 2020 1263 1925 1351 
1146 1285 1252 1507 1053 1274 1524 1543 1105 1525 1330 1187 1258 1825 1705 1508 1087 1656 0 1411 1240 1927 1119 1528 1251 1922 1880 1442 1935 1178 1273 1545 
1846 1112 1655 1320 1511 1741 1136 1976 1985 1955 1604 1831 1681 1956 1856 1858 1473 1660 1411 0 1200 1948 1799 1873 1113 1785 1602 1343 1097 1407 1500 1538 
1448 1133 1964 1319 1336 1904 1855 1195 1643 1789 1936 1902 1662 1816 1686 1111 2008 1416 1240 1200 0 1034 1767 1257 1126 1224 1412 2021 1832 1884 1654 1496 
1075 1184 1065 1414 1778 1765 1735 1440 1425 1829 1814 1479 1727 1761 1475 1882 1950 1658 1927 1948 1034 0 1932 1450 1382 1036 1796 1644 1563 1400 2046 1298 
1841 1764 1314 1403 1899 1969 2037 1093 1445 1481 1426 1402 1213 1874 1971 1129 1823 1493 1119 1799 1767 1932 0 1358 1434 1514 1599 1172 1663 1327 1594 1665 
1210 1122 1462 1752 1137 1068 1623 1712 1256 1802 1984 1311 1371 2006 1456 1435 1279 1180 1528 1873 1257 1450 1358 0 1688 1459 1503 1390 1437 1638 1726 1247 
1498 1790 1957 1966 1747 1773 1061 1857 1888 1052 1415 1850 1671 1356 1110 1853 1763 1795 1251 1113 1126 1382 1434 1688 0 1748 2016 1438 1595 1077 1182 1291 
1177 1286 1211 1876 1062 1135 1736 1124 1647 1585 1152 1893 1937 1352 1797 1704 2043 1755 1922 1785 1224 1036 1514 1459 1748 0 1749 1118 1159 1243 1056 1861 
1316 2040 1652 1337 1746 1589 1968 1970 1579 1889 1278 1949 1117 1769 1805 1981 2034 1715 1880 1602 1412 1796 1599 1503 2016 1749 0 1121 1577 1489 1205 2048 
1574 1226 1166 1189 1608 1526 1130 1168 1222 1519 1048 1516 1201 1506 1185 1149 1533 1776 1442 1343 2021 1644 1172 1390 1438 1118 1121 0 1102 1492 1410 1235 
2017 1772 1636 1307 1032 2035 1123 1896 1601 1730 1293 1165 1344 1108 1926 1393 1813 2020 1935 1097 1832 1563 1663 1437 1595 1159 1577 1102 0 1238 1669 1845 
1947 1384 1840 1591 1491 1953 1587 1363 1181 1366 1835 1446 1699 1989 1083 1885 1615 1263 1178 1407 1884 1400 1327 1638 1077 1243 1489 1492 1238 0 1836 1378 
1186 2047 1759 1134 1576 1631 1919 1616 2042 1421 1362 1568 1306 1234 1996 1521 1626 1925 1273 1500 1654 2046 1594 1726 1182 1056 1205 1410 1669 1836 0 2033 
1729 1027 1461 1706 1260 1753 1128 1396 1560 1490 1675 2018 1943 1231 1817 1385 1725 1351 1545 1538 1496 1298 1665 1247 1291 1861 2048 1235 1845 1378 2033 0 
