23
0 676 552 585 705 1051 595 869 1042 974 917 756 573 728 1026 534 826 1054 942 751 716 936 626 
676 0 946 811 763 832 752 615 894 635 785 588 775 550 926 953 536 539 821 535 923 769 971 
552 946 0 819 702 913 551 571 987 755 1011 723 822 598 757 802 803 964 797 734 558 619 1024 
585 811 819 0 549 620 765 675 543 792 789 902 852 851 600 824 640 565 562 682 903 967 603 
705 763 702 549 0 781 741 593 737 753 900 794 589 1037 834 843 1035 538 945 857 850 1010 661 
1051 832 913 620 781 0 611 849 606 868 860 982 875 576 817 679 662 1025 541 760 546 701 566 
595 752 551 765 741 611 0 862 944 977 773 981 950 779 920 767 844 699 579 1033 531 594 870 
869 615 571 675 593 849 862 0 1017 896 965 651 556 934 645 583 830 656 692 831 845 947 782 
1042 894 987 543 737 606 944 1017 0 885 575 772 777 667 933 744 530 1008 996 985 973 733 937 
974 635 755 792 753 868 977 896 885 0 992 685 673 783 736 809 838 529 793 653 1053 545 646 
917 785 1011 789 900 860 773 965 575 992 0 592 1057 1001 715 616 649 674 949 943 610 678 799 
756 588 723 902 794 982 981 651 772 685 592 0 623 941 976 861 764 1039 1031 960 559 570 739 
573 775 822 852 589 875 950 556 777 673 1057 623 0 1004 1012 710 587 1005 813 636 1040 1013 883 
728 550 598 851 1037 576 779 934 667 783 1001 941 1004 0 1041 806 660 553 995 1056 815 1029 984 
1026 926 757 600 834 817 920 645 933 736 715 976 1012 1041 0 886 750 907 560 814 1027 912 1045 
534 953 802 824 843 679 767 583 744 809 616 861 710 806 886 0 726 687 999 895 887 749 564 
826 536 803 640 1035 662 844 830 530 838 649 764 587 660 750 726 0 863 625 717 638 696 915 
1054 539 964 565 538 1025 699 656 1008 529 674 1039 1005 553 907 687 863 0 986 978 608 820 879 
942 821 797 562 945 541 579 692 996 793 949 1031 813 995 560 999 625 986 0 866 730 762 766 
751 535 734 682 857 760 1033 831 985 653 943 960 636 1056 814 895 717 978 866 0 617 771 988 
716 923 558 903 850 546 531 845 973 1053 610 559 1040 815 1027 887 638 608 730 617 0 718 948 
936 769 619 967 1010 701 594 947 733 545 678 570 1013 1029 912 749 696 820 762 771 718 0 663 
626 971 1024 603 661 566 870 782 937 646 799 739 883 984 1045 564 915 879 766 988 948 663 0 
