23
11
0 1411 3806 2702 5138 7660 2106 5326 9039 8518 2957 4964 6283 9108 4816 6768 7684 1798 6094 4227 5308 4108 2847
1411 0 2921 1817 4253 8265 2711 4441 9644 9123 3562 5569 6888 9713 3931 7373 8289 2403 6699 4832 5913 4713 1962
3806 2921 0 2436 2076 10660 5106 2264 12039 11518 5957 7964 9283 12108 1754 9768 10684 4798 9094 7227 8308 7108 1143
2702 1817 2436 0 3768 9556 4002 3956 10935 10414 4853 6860 8179 11004 3446 8664 9580 3694 7990 6123 7204 6004 1477
5138 4253 2076 3768 0 11992 6438 2098 13371 12850 7289 9296 10615 13440 1588 11100 12016 6130 10426 8559 9640 8440 2475
7660 8265 10660 9556 11992 0 5892 12180 2891 2370 6181 3846 3197 2960 11670 2076 1536 6790 3356 4047 3892 5398 9701
2106 2711 5106 4002 6438 5892 0 6626 7271 6750 1189 3196 4515 7340 6116 5000 5916 1236 4326 2459 3540 2340 4147
5326 4441 2264 3956 2098 12180 6626 0 13559 13038 7477 9484 10803 13628 930 11288 12204 6318 10614 8747 9828 8628 2663
9039 9644 12039 10935 13371 2891 7271 13559 0 1101 7560 5225 4576 1891 13049 3455 1747 8169 4735 5426 5271 6777 11080
8518 9123 11518 10414 12850 2370 6750 13038 1101 0 7039 4704 4055 1370 12528 2934 1226 7648 4214 4905 4750 6256 10559
2957 3562 5957 4853 7289 6181 1189 7477 7560 7039 0 3485 4804 7629 6967 5289 6205 2087 4615 2748 3829 2629 4998
4964 5569 7964 6860 9296 3846 3196 9484 5225 4704 3485 0 2469 5294 8974 2954 3870 4094 2280 1351 1494 2702 7005
6283 6888 9283 8179 10615 3197 4515 10803 4576 4055 4804 2469 0 4645 10293 2305 3221 5413 1979 2670 2515 4021 8324
9108 9713 12108 11004 13440 2960 7340 13628 1891 1370 7629 5294 4645 0 13118 3524 1816 8238 4804 5495 5340 6846 11149
4816 3931 1754 3446 1588 11670 6116 930 13049 12528 6967 8974 10293 13118 0 10778 11694 5808 10104 8237 9318 8118 2153
6768 7373 9768 8664 11100 2076 5000 11288 3455 2934 5289 2954 2305 3524 10778 0 2100 5898 2464 3155 3000 4506 8809
7684 8289 10684 9580 12016 1536 5916 12204 1747 1226 6205 3870 3221 1816 11694 2100 0 6814 3380 4071 3916 5422 9725
1798 2403 4798 3694 6130 6790 1236 6318 8169 7648 2087 4094 5413 8238 5808 5898 6814 0 5224 3357 4438 3238 3839
6094 6699 9094 7990 10426 3356 4326 10614 4735 4214 4615 2280 1979 4804 10104 2464 3380 5224 0 2481 2326 3832 8135
4227 4832 7227 6123 8559 4047 2459 8747 5426 4905 2748 1351 2670 5495 8237 3155 4071 3357 2481 0 1695 1965 6268
5308 5913 8308 7204 9640 3892 3540 9828 5271 4750 3829 1494 2515 5340 9318 3000 3916 4438 2326 1695 0 3046 7349
4108 4713 7108 6004 8440 5398 2340 8628 6777 6256 2629 2702 4021 6846 8118 4506 5422 3238 3832 1965 3046 0 6149
2847 1962 1143 1477 2475 9701 4147 2663 11080 10559 4998 7005 8324 11149 2153 8809 9725 3839 8135 6268 7349 6149 0
