26
0 11839 938 12291 9575 5183 6965 11931 7881 11061 2206 7814 1624 10559 1418 10653 8305 4315 2106 2567 8527 5422 1189 10223 6742 8906
11839 0 11279 2188 3804 8356 5820 1828 4796 1140 9885 5837 12137 1970 10825 2592 4418 9220 10315 9460 3422 7253 11702 3294 6573 4281
938 11279 0 11731 9015 4623 6405 11371 7321 10501 1646 7254 1236 9999 858 10093 7745 3755 1546 2007 7967 4862 801 9663 6182 8346
12291 2188 11731 0 4256 8808 6272 1166 5248 1592 10337 6289 12589 2422 11277 3044 4870 9672 10767 9912 3874 7705 12154 3746 7025 4733
9575 3804 9015 4256 0 6092 3556 3896 2532 3026 7621 3573 9873 2524 8561 2618 2154 6956 8051 7196 1158 4989 9438 2188 4309 2017
5183 8356 4623 8808 6092 0 3482 8448 4398 7578 3229 4331 5481 7076 4169 7170 4822 2564 3659 2804 5044 1939 5046 6740 3259 5423
6965 5820 6405 6272 3556 3482 0 5912 1862 5042 5011 1795 7263 4540 5951 4634 2286 4346 5441 4586 2508 2379 6828 4204 1699 2887
11931 1828 11371 1166 3896 8448 5912 0 4888 1232 9977 5929 12229 2062 10917 2684 4510 9312 10407 9552 3514 7345 11794 3386 6665 4373
7881 4796 7321 5248 2532 4398 1862 4888 0 4018 5927 1879 8179 3516 6867 3610 1262 5262 6357 5502 1484 3295 7744 3180 2615 1863
11061 1140 10501 1592 3026 7578 5042 1232 4018 0 9107 5059 11359 1192 10047 1814 3640 8442 9537 8682 2644 6475 10924 2516 5795 3503
2206 9885 1646 10337 7621 3229 5011 9977 5927 9107 0 5860 2504 8605 1192 8699 6351 2361 682 613 6573 3468 2069 8269 4788 6952
7814 5837 7254 6289 3573 4331 1795 5929 1879 5059 5860 0 8112 4557 6800 4651 2303 5195 6290 5435 2525 3228 7677 4221 2548 2904
1624 12137 1236 12589 9873 5481 7263 12229 8179 11359 2504 8112 0 10857 1716 10951 8603 4613 2404 2865 8825 5720 881 10521 7040 9204
10559 1970 9999 2422 2524 7076 4540 2062 3516 1192 8605 4557 10857 0 9545 1312 3138 7940 9035 8180 2142 5973 10422 2014 5293 3001
1418 10825 858 11277 8561 4169 5951 10917 6867 10047 1192 6800 1716 9545 0 9639 7291 3301 1092 1553 7513 4408 1281 9209 5728 7892
10653 2592 10093 3044 2618 7170 4634 2684 3610 1814 8699 4651 10951 1312 9639 0 3232 8034 9129 8274 2236 6067 10516 2108 5387 3095
8305 4418 7745 4870 2154 4822 2286 4510 1262 3640 6351 2303 8603 3138 7291 3232 0 5686 6781 5926 1106 3719 8168 2802 3039 1485
4315 9220 3755 9672 6956 2564 4346 9312 5262 8442 2361 5195 4613 7940 3301 8034 5686 0 2791 1936 5908 2803 4178 7604 4123 6287
2106 10315 1546 10767 8051 3659 5441 10407 6357 9537 682 6290 2404 9035 1092 9129 6781 2791 0 1043 7003 3898 1969 8699 5218 7382
2567 9460 2007 9912 7196 2804 4586 9552 5502 8682 613 5435 2865 8180 1553 8274 5926 1936 1043 0 6148 3043 2430 7844 4363 6527
8527 3422 7967 3874 1158 5044 2508 3514 1484 2644 6573 2525 8825 2142 7513 2236 1106 5908 7003 6148 0 3941 8390 1806 3261 969
5422 7253 4862 7705 4989 1939 2379 7345 3295 6475 3468 3228 5720 5973 4408 6067 3719 2803 3898 3043 3941 0 5285 5637 2156 4320
1189 11702 801 12154 9438 5046 6828 11794 7744 10924 2069 7677 881 10422 1281 10516 8168 4178 1969 2430 8390 5285 0 10086 6605 8769
10223 3294 9663 3746 2188 6740 4204 3386 3180 2516 8269 4221 10521 2014 9209 2108 2802 7604 8699 7844 1806 5637 10086 0 4957 2665
6742 6573 6182 7025 4309 3259 1699 6665 2615 5795 4788 2548 7040 5293 5728 5387 3039 4123 5218 4363 3261 2156 6605 4957 0 3640
8906 4281 8346 4733 2017 5423 2887 4373 1863 3503 6952 2904 9204 3001 7892 3095 1485 6287 7382 6527 969 4320 8769 2665 3640 0
